# f_NL_equilateral
-228.30
588.90
-481.50
-5.10
27.90
350.10
-197.70
170.70
-493.50
-444.90
-386.70
511.50
-557.10
578.70
528.30
415.50
-101.10
214.50
-318.30
322.50
-478.50
-2.70
503.70
-243.90
168.30
247.50
-198.30
505.50
411.30
381.90
172.50
-39.30
-492.90
-425.70
-527.70
-15.30
-300.30
168.90
585.90
-592.50
533.70
-188.70
223.50
-249.30
-176.10
-12.30
591.30
-455.70
330.90
485.70
95.70
411.90
495.90
-247.50
-377.10
-74.10
15.90
-58.50
48.90
-232.50
-63.90
-293.70
54.90
-560.10
260.10
-594.90
171.90
-472.50
42.30
-438.30
329.70
-177.30
-92.10
-236.10
-287.10
-204.30
216.30
-131.70
-261.90
-210.90
589.50
-201.30
-164.70
-474.30
462.90
436.50
218.70
441.30
-272.10
93.90
-152.70
519.30
433.50
16.50
230.10
358.50
-271.50
81.90
-98.70
-442.50
-175.50
425.10
446.10
-6.30
-114.30
-345.90
-559.50
-468.90
-28.50
69.90
-306.30
456.90
-122.10
66.30
-309.30
384.30
163.50
0.90
171.30
-324.90
282.30
404.10
412.50
594.90
122.70
-342.30
298.50
32.70
215.10
444.30
568.50
483.90
-53.70
464.10
-146.10
-135.90
-510.30
-102.90
482.70
-143.10
559.50
-111.30
114.30
510.90
71.70
-278.70
443.70
-125.10
405.30
-433.50
181.50
-572.70
-111.90
185.10
385.50
-51.90
143.70
-0.90
-277.50
206.70
524.70
-362.70
-414.30
372.90
-348.90
-463.50
537.30
489.90
176.70
-237.30
-248.70
-495.30
108.30
-153.90
18.90
497.10
-563.10
-39.90
-299.10
-205.50
21.30
-436.50
-528.30
-470.10
-356.10
56.70
-339.90
337.50
-566.10
231.30
-104.70
-360.30
272.70
-335.10
444.90
396.90
596.70
573.30
154.50
198.90
566.70
-27.30
451.50
-389.10
345.30
-29.70
-578.10
-548.70
-551.10
-121.50
-416.10
-290.70
36.90
576.30
-320.70
65.70
454.50
-568.50
101.10
19.50
-3.30
-429.90
557.70
-138.30
-93.90
107.70
-78.90
447.30
291.30
-119.10
-104.10
74.70
-415.50
-561.90
429.90
-321.90
428.70
153.90
357.90
431.70
367.50
-524.70
-569.70
-419.70
-5.70
-328.50
-523.50
-447.30
-350.70
-171.90
335.10
215.70
-57.30
212.70
-340.50
-329.70
-298.50
-408.90
396.30
-131.10
-158.10
-404.10
-462.90
266.70
187.50
319.50
241.50
47.70
248.70
-344.10
13.50
395.10
-426.90
-296.70
-413.70
-558.90
-295.50
192.90
-208.50
-582.90
-50.70
-364.50
-346.50
595.50
-106.50
111.90
58.50
277.50
569.70
353.70
-150.30
-335.70
475.50
424.50
-447.90
149.70
500.70
-516.30
4.50
271.50
-398.10
-445.50
113.10
-77.10
110.10
-511.50
-124.50
98.10
-168.90
-323.70
558.30
483.30
-165.90
423.90
250.50
-179.70
413.70
236.70
465.30
-530.70
-190.50
372.30
-344.70
44.10
-149.10
-299.70
-89.10
-294.30
23.70
-581.70
314.70
452.10
353.10
-347.10
194.70
281.70
246.30
23.10
510.30
261.30
-303.30
404.70
264.90
414.90
-177.90
-94.50
-515.70
546.90
-7.50
351.30
-455.10
-3.90
563.70
597.30
-11.10
-165.30
88.50
477.90
-494.70
327.30
439.50
-213.90
-72.30
-100.50
209.10
-117.30
152.70
-167.70
-438.90
487.50
10.50
-107.70
592.50
-136.50
257.70
82.50
288.30
252.90
470.10
-362.10
494.70
397.50
-576.90
531.30
119.10
-569.10
244.50
-417.30
34.50
-132.90
-116.70
-185.70
239.70
-35.10
258.30
282.90
-167.10
-584.70
-285.90
479.10
426.30
44.70
-176.70
-33.90
-140.10
210.30
532.50
-168.30
-206.70
-218.10
-561.30
-574.50
494.10
470.70
-368.70
581.10
-228.90
-213.30
-73.50
92.70
-480.90
39.30
-182.70
302.70
-237.90
-384.30
-291.90
-13.50
-382.50
379.50
-245.10
347.10
550.50
-391.50
-263.70
200.70
-56.10
-137.70
-363.30
59.10
-579.30
-198.90
91.50
2.70
582.30
308.70
-549.30
-522.90
-579.90
-82.50
-66.90
-216.30
-72.90
438.90
493.50
-183.90
-596.10
437.10
-343.50
266.10
260.70
-315.30
311.10
194.10
-465.90
-387.30
548.10
-405.30
-209.70
231.90
-407.70
472.50
492.30
343.50
374.70
-53.10
478.50
332.70
401.10
-575.10
-260.70
312.90
387.30
582.90
-75.30
486.30
-567.30
227.10
273.30
529.50
276.30
421.50
-126.90
55.50
-2.10
-537.90
-434.10
312.30
405.90
581.70
-486.30
398.10
539.10
-461.10
-542.70
-224.70
-428.70
471.30
303.30
-275.70
-302.70
360.90
481.50
-521.70
-108.90
71.10
-230.70
11.10
-278.10
383.70
437.70
-342.90
-217.50
-369.90
-345.30
131.10
29.10
563.10
-500.70
-312.30
28.50
162.30
-24.30
-38.10
-80.10
-411.90
72.30
6.90
-361.50
488.70
238.50
311.70
-297.30
417.90
-486.90
-264.30
-595.50
257.10
205.50
-575.70
167.10
-210.30
-367.50
-215.10
182.10
-258.30
520.50
18.30
-521.10
492.90
268.50
-22.50
-355.50
-161.10
-61.50
434.10
373.50
-508.50
289.50
-368.10
-288.30
233.10
-371.10
-212.10
317.70
38.70
60.30
430.50
350.70
-452.10
-42.30
-152.10
280.50
-187.50
74.10
-207.30
461.10
-103.50
521.70
-219.90
-270.90
549.90
-503.10
-580.50
137.70
-509.70
-330.90
195.30
515.10
-549.90
457.50
75.90
141.30
549.30
80.10
-322.50
-320.10
448.50
-214.50
-498.90
-462.30
576.90
-409.50
-540.30
-390.30
99.90
-311.10
-596.70
-378.90
344.70
-380.10
410.10
212.10
285.30
501.90
-108.30
-431.10
254.70
-474.90
-1.50
456.30
42.90
-351.30
-186.90
363.30
-502.50
-534.90
300.90
102.90
315.90
57.30
-396.90
-543.30
402.30
-135.30
-287.70
182.70
121.50
377.70
92.10
-48.30
-400.50
220.50
129.90
450.30
134.70
-164.10
14.70
544.50
160.50
570.30
499.50
324.90
-507.30
-464.10
-274.50
-337.50
330.30
-305.10
399.90
-122.70
243.30
-381.90
393.30
441.90
-480.30
239.10
348.30
-456.30
516.30
-76.50
137.10
-88.50
-296.10
-47.70
403.50
-550.50
-199.50
-450.90
-591.30
255.90
-459.90
-128.10
183.30
-128.70
-495.90
-192.30
185.70
477.30
357.30
178.50
-588.30
31.50
140.10
590.10
-77.70
459.30
-268.50
543.30
81.30
-114.90
-567.90
-21.90
-105.30
-9.30
-339.30
-161.70
-597.90
116.10
-238.50
-380.70
-393.90
-155.70
294.90
440.10
318.90
68.10
-525.90
-479.70
500.10
-132.30
-545.70
401.70
458.10
173.10
144.30
528.90
-441.90
26.10
498.90
524.10
-489.30
127.50
-267.90
336.90
39.90
101.70
116.70
-194.70
-284.10
-129.30
-137.10
-564.90
-310.50
50.70
596.10
-273.30
-281.10
226.50
252.30
504.90
54.30
-350.10
221.10
-96.90
-450.30
-153.30
66.90
-488.10
249.30
593.70
38.10
-275.10
489.30
-74.70
200.10
309.90
263.70
-316.50
-60.90
-234.90
355.50
-235.50
-473.70
222.90
522.30
-431.70
-539.70
275.70
297.30
-363.90
332.10
-541.50
-331.50
534.30
-14.10
112.50
-552.90
-487.50
-353.10
391.50
-159.90
-451.50
267.30
249.90
-543.90
113.70
-249.90
-466.50
-75.90
-547.50
299.70
-546.30
-110.70
20.10
237.90
-358.50
-182.10
242.10
-8.10
-537.30
-189.90
-555.30
-84.90
-211.50
132.30
-302.10
206.10
-159.30
-405.90
224.10
144.90
-506.70
-45.30
-428.10
-98.10
324.30
-449.10
-572.10
-457.50
145.50
296.10
262.50
-276.90
389.70
380.10
-191.70
-10.50
36.30
-516.90
459.90
-497.10
265.50
60.90
-582.30
318.30
-530.10
284.10
135.90
-267.30
-216.90
79.50
-467.10
-441.30
-62.10
419.70
-460.50
432.30
516.90
-485.10
323.10
551.70
407.70
542.70
-419.10
-86.70
590.70
-571.50
-86.10
598.50
111.30
-92.70
-553.50
380.70
455.70
-501.90
120.30
-170.10
14.10
-266.10
102.30
159.90
264.30
-330.30
375.30
-410.10
-56.70
199.50
-554.10
560.70
156.90
-120.90
-374.10
474.30
543.90
-334.50
-6.90
556.50
-30.30
147.90
17.10
-429.30
-412.50
565.50
255.30
-81.90
-143.70
534.90
-465.30
120.90
-390.90
-81.30
195.90
49.50
-270.30
176.10
-4.50
560.10
9.30
555.30
11.70
-401.70
-0.30
213.30
219.30
128.10
334.50
506.70
462.30
-129.90
-375.30
303.90
-545.10
-417.90
166.50
78.90
345.90
-306.90
354.90
539.70
-242.10
29.70
-349.50
132.90
-416.70
87.90
-452.70
-171.30
107.10
136.50
485.10
-399.90
-163.50
554.10
-239.70
-280.50
-432.30
-518.10
-240.90
213.90
-62.70
-372.90
-453.90
-321.30
-383.10
245.10
315.30
-34.50
-461.70
585.30
480.90
177.90
291.90
-264.90
274.50
230.70
449.10
-538.50
-44.70
-117.90
-90.90
72.90
-430.50
-65.70
-19.50
-449.70
-440.70
514.50
-341.10
407.10
-233.10
301.50
409.50
-241.50
547.50
-590.10
461.70
174.90
59.70
-71.70
117.90
509.70
151.50
503.10
-134.10
73.50
164.70
33.30
587.10
251.70
193.50
429.30
-194.10
-410.70
-399.30
-394.50
-425.10
130.50
-389.70
174.30
578.10
180.30
442.50
-359.10
-142.50
-327.90
67.50
-583.50
302.10
339.90
-348.30
-458.10
383.10
251.10
-188.10
-308.70
306.90
-598.50
191.10
98.70
142.50
513.90
-554.70
-333.90
420.90
342.30
56.10
89.10
-220.50
496.50
586.50
389.10
314.10
75.30
-424.50
1.50
-379.50
203.70
597.90
63.90
170.10
-329.10
-470.70
165.90
-307.50
-476.70
452.70
240.30
-510.90
155.10
-312.90
-193.50
-440.10
-236.70
175.50
-531.90
-60.30
-294.90
309.30
395.70
399.30
546.30
295.50
188.70
51.90
-398.70
222.30
417.30
-525.30
-469.50
70.50
-509.10
141.90
-245.70
201.30
400.50
-133.50
-231.90
150.90
-482.10
-255.30
-48.90
47.10
35.10
-120.30
-421.50
-427.50
68.70
368.70
123.90
-225.90
438.30
225.30
450.90
-557.70
-332.10
-387.90
161.70
-162.30
408.30
-370.50
317.10
293.10
-251.70
-555.90
-146.70
122.10
362.10
533.10
356.10
3.30
256.50
-99.30
388.50
-479.10
-286.50
-291.30
-420.90
-71.10
-57.90
57.90
473.70
146.70
140.70
30.30
-366.30
-93.30
-83.70
-200.10
-158.70
-192.90
558.90
-221.70
-80.70
-485.70
369.30
191.70
-41.70
-301.50
-26.70
-244.50
-59.70
-497.70
162.90
333.30
15.30
588.30
584.10
-36.30
158.10
-101.70
217.50
-123.90
180.90
408.90
-531.30
-54.30
-437.70
394.50
179.70
-393.30
-254.70
253.50
377.10
-471.30
-448.50
-514.50
-587.70
392.70
41.70
204.30
21.90
258.90
-392.70
-32.10
-505.50
434.70
-573.90
-536.10
207.90
-59.10
-471.90
-226.50
-113.70
366.30
-96.30
159.30
-422.70
37.50
366.90
269.10
53.10
460.50
370.50
-386.10
540.90
77.70
498.30
-118.50
167.70
471.90
-21.30
574.50
540.30
-227.10
-257.10
-44.10
-315.90
-180.90
-392.10
95.10
364.50
468.30
-491.70
365.70
189.90
-174.30
24.90
126.90
-501.30
-482.70
156.30
-269.10
386.70
272.10
-526.50
-293.10
447.90
-539.10
-402.90
124.50
84.30
-156.30
-513.30
-564.30
-130.50
118.50
78.30
583.50
93.30
41.10
-439.50
522.90
-282.30
-150.90
507.90
99.30
-413.10
-212.70
-260.10
270.90
131.70
278.70
125.10
279.30
564.90
-112.50
177.30
83.10
-570.90
-222.30
-95.10
-435.30
339.30
169.50
491.70
-434.70
-513.90
-314.10
242.70
235.50
506.10
-63.30
-144.90
216.90
189.30
418.50
-477.30
129.30
269.70
45.30
-338.10
-314.70
-36.90
126.30
-587.10
431.10
-483.30
453.30
240.90
365.10
-576.30
183.90
7.50
-107.10
-422.10
-356.70
87.30
197.70
-35.70
-573.30
-484.50
-504.30
-464.70
-578.70
-491.10
480.30
-453.30
149.10
-365.10
133.50
420.30
103.50
320.70
243.90
-423.90
-67.50
-113.10
-324.30
-65.10
416.70
-222.90
519.90
-494.10
290.70
24.30
22.50
-336.90
-512.10
-110.10
-446.10
6.30
-191.10
-231.30
-207.90
575.10
566.10
579.30
-148.50
-535.50
-347.70
476.10
115.50
354.30
469.50
17.70
-383.70
104.70
-18.90
341.70
287.70
106.50
-476.10
-326.70
-20.70
-87.90
-43.50
-533.10
341.10
-570.30
-225.30
323.70
146.10
-504.90
587.70
-196.50
153.30
-123.30
-68.10
43.50
278.10
279.90
30.90
224.70
579.90
435.90
-141.30
538.50
209.70
83.70
192.30
-563.70
473.10
-102.30
-309.90
-381.30
-473.10
455.10
94.50
287.10
157.50
316.50
326.10
-11.70
77.10
-308.10
-443.10
-366.90
-522.30
259.50
545.10
-468.30
468.90
-397.50
-556.50
35.70
9.90
-50.10
599.70
306.30
108.90
-258.90
567.90
-256.50
369.90
530.70
284.70
202.50
-517.50
-586.50
413.10
384.90
-140.70
-519.30
-24.90
283.50
-395.10
90.90
123.30
150.30
-197.10
-266.70
-172.50
-459.30
-218.70
515.70
-52.50
-384.90
-589.50
-581.10
147.30
-396.30
-276.30
-166.50
-357.30
-173.70
504.30
464.70
221.70
-32.70
218.10
-546.90
-139.50
-145.50
-255.90
-201.90
-204.90
-327.30
105.30
-290.10
517.50
100.50
45.90
232.50
-338.70
-467.70
-401.10
508.50
86.70
-423.30
-325.50
465.90
179.10
392.10
561.30
-64.50
135.30
410.70
584.70
-542.10
-45.90
453.90
-503.70
557.10
-149.70
-548.10
-227.70
-500.10
-373.50
-262.50
502.50
-281.70
-408.30
466.50
-47.10
321.90
-209.10
501.30
33.90
536.70
526.50
125.70
548.70
569.10
575.70
-333.30
12.30
321.30
-42.90
-533.70
-154.50
-524.10
497.70
148.50
0.30
46.50
326.70
-558.30
-426.30
-189.30
-223.50
-352.50
-55.50
-239.10
518.70
270.30
85.50
-156.90
-97.50
527.70
211.50
104.10
-357.90
-403.50
-283.50
-566.70
-372.30
329.10
-319.50
338.70
406.50
152.10
541.50
-84.30
-195.30
64.50
-313.50
513.30
-91.50
-243.30
593.10
158.70
286.50
-498.30
571.50
525.30
553.50
307.50
-109.50
65.10
551.10
96.30
308.10
564.30
-181.50
139.50
371.10
467.10
-29.10
-147.90
273.90
440.70
173.70
535.50
-499.50
-351.90
-252.90
76.50
297.90
80.70
521.10
-585.90
-584.10
-265.50
545.70
-483.90
-454.50
53.70
398.70
-414.90
-323.10
228.90
248.10
263.10
-435.90
572.10
-105.90
5.70
-385.50
-179.10
61.50
-443.70
356.70
-365.70
234.90
-25.50
-180.30
344.10
-560.70
-354.30
227.70
97.50
290.10
-173.10
390.30
491.10
-151.50
-252.30
-202.50
554.70
-489.90
196.50
-406.50
351.90
445.50
331.50
336.30
-219.30
359.10
275.10
90.30
-12.90
577.50
305.70
-552.30
96.90
204.90
164.10
233.70
-78.30
484.50
-289.50
320.10
-544.50
-203.70
8.70
-272.70
580.50
555.90
-200.70
386.10
296.70
-432.90
479.70
161.10
292.50
5.10
-506.10
422.70
-83.10
3.90
362.70
52.50
509.10
-66.30
40.50
219.90
-288.90
-588.90
-261.30
208.50
352.50
-360.90
225.90
552.90
25.50
378.90
476.70
446.70
285.90
-125.70
-178.50
-251.10
348.90
281.10
-68.70
86.10
-534.30
-318.90
254.10
-162.90
-183.30
62.70
-529.50
435.30
-215.70
368.10
562.50
-250.50
-248.10
414.30
89.70
-520.50
-303.90
552.30
419.10
-593.70
-437.10
-230.10
359.70
-590.70
-40.50
-477.90
-17.10
427.50
-536.70
-353.70
525.90
-527.10
-518.70
523.50
-332.70
-326.10
63.30
486.90
-115.50
-475.50
328.50
-246.30
-14.70
518.10
300.30
426.90
267.90
-577.50
-420.30
-79.50
138.90
594.30
342.90
-26.10
335.70
536.10
-20.10
-285.30
210.90
-263.10
203.10
-30.90
-297.90
198.30
-515.10
234.30
-279.90
-369.30
490.50
-273.90
-17.70
-562.50
-585.30
-375.90
393.90
428.10
138.30
32.10
69.30
-134.70
599.10
-341.70
-186.30
-599.70
-54.90
463.50
-591.90
197.10
376.50
-456.90
512.10
-446.70
591.90
-234.30
381.30
143.10
-242.70
416.10
-27.90
-157.50
201.90
-359.70
432.90
-246.90
245.70
390.90
-279.30
-185.10
51.30
165.30
-282.90
-170.70
119.70
-221.10
155.70
-395.70
-371.70
-70.50
570.90
26.70
-540.90
-95.70
425.70
-41.10
304.50
8.10
-593.10
-160.50
360.30
105.90
573.90
-565.50
184.50
-16.50
-488.70
-374.70
134.10
-229.50
449.70
-240.30
-551.70
561.90
-354.90
474.90
443.10
20.70
-305.70
-87.30
-116.10
-141.90
-254.10
114.90
-233.70
-46.50
-458.70
-519.90
361.50
62.10
207.30
84.90
-203.10
-49.50
371.70
313.50
288.90
-292.50
-23.70
-8.70
346.50
-512.70
495.30
-490.50
-311.70
527.10
-418.50
382.50
-174.90
378.30
423.30
542.10
2.10
488.10
228.30
363.90
349.50
333.90
-37.50
-224.10
340.50
402.90
572.70
-388.50
117.30
-528.90
-317.70
325.50
537.90
-378.30
-15.90
-51.30
-184.50
-138.90
567.30
-304.50
507.30
482.10
293.70
-126.30
110.70
-253.50
374.10
327.90
-119.70
294.30
347.70
-496.50
261.90
-444.30
-317.10
-336.30
-99.90
-404.70
530.10
-284.70
-377.70
531.90
-33.30
458.70
-402.30
-85.50
-90.30
-594.30
-155.10
-269.70
188.10
-31.50
-38.70
-507.90
12.90
48.30
422.10
-69.30
186.90
-411.30
27.30
229.50
190.50
236.10
-300.90
-169.50
-492.30
109.50
-127.50
305.10
-376.50
-259.50
-206.10
-9.90
387.90
186.30
237.30
512.70
276.90
-69.90
310.50
375.90
246.90
128.70
299.10
-23.10
-257.70
-195.90
-407.10
-599.10
338.10
-18.30
-144.30
50.10
-147.30
-597.30
-532.50
-89.70
467.70