# f_NL_local
-114.150
294.450
-240.750
-2.550
13.950
175.050
-98.850
85.350
-246.750
-222.450
-193.350
255.750
-278.550
289.350
264.150
207.750
-50.550
107.250
-159.150
161.250
-239.250
-1.350
251.850
-121.950
84.150
123.750
-99.150
252.750
205.650
190.950
86.250
-19.650
-246.450
-212.850
-263.850
-7.650
-150.150
84.450
292.950
-296.250
266.850
-94.350
111.750
-124.650
-88.050
-6.150
295.650
-227.850
165.450
242.850
47.850
205.950
247.950
-123.750
-188.550
-37.050
7.950
-29.250
24.450
-116.250
-31.950
-146.850
27.450
-280.050
130.050
-297.450
85.950
-236.250
21.150
-219.150
164.850
-88.650
-46.050
-118.050
-143.550
-102.150
108.150
-65.850
-130.950
-105.450
294.750
-100.650
-82.350
-237.150
231.450
218.250
109.350
220.650
-136.050
46.950
-76.350
259.650
216.750
8.250
115.050
179.250
-135.750
40.950
-49.350
-221.250
-87.750
212.550
223.050
-3.150
-57.150
-172.950
-279.750
-234.450
-14.250
34.950
-153.150
228.450
-61.050
33.150
-154.650
192.150
81.750
0.450
85.650
-162.450
141.150
202.050
206.250
297.450
61.350
-171.150
149.250
16.350
107.550
222.150
284.250
241.950
-26.850
232.050
-73.050
-67.950
-255.150
-51.450
241.350
-71.550
279.750
-55.650
57.150
255.450
35.850
-139.350
221.850
-62.550
202.650
-216.750
90.750
-286.350
-55.950
92.550
192.750
-25.950
71.850
-0.450
-138.750
103.350
262.350
-181.350
-207.150
186.450
-174.450
-231.750
268.650
244.950
88.350
-118.650
-124.350
-247.650
54.150
-76.950
9.450
248.550
-281.550
-19.950
-149.550
-102.750
10.650
-218.250
-264.150
-235.050
-178.050
28.350
-169.950
168.750
-283.050
115.650
-52.350
-180.150
136.350
-167.550
222.450
198.450
298.350
286.650
77.250
99.450
283.350
-13.650
225.750
-194.550
172.650
-14.850
-289.050
-274.350
-275.550
-60.750
-208.050
-145.350
18.450
288.150
-160.350
32.850
227.250
-284.250
50.550
9.750
-1.650
-214.950
278.850
-69.150
-46.950
53.850
-39.450
223.650
145.650
-59.550
-52.050
37.350
-207.750
-280.950
214.950
-160.950
214.350
76.950
178.950
215.850
183.750
-262.350
-284.850
-209.850
-2.850
-164.250
-261.750
-223.650
-175.350
-85.950
167.550
107.850
-28.650
106.350
-170.250
-164.850
-149.250
-204.450
198.150
-65.550
-79.050
-202.050
-231.450
133.350
93.750
159.750
120.750
23.850
124.350
-172.050
6.750
197.550
-213.450
-148.350
-206.850
-279.450
-147.750
96.450
-104.250
-291.450
-25.350
-182.250
-173.250
297.750
-53.250
55.950
29.250
138.750
284.850
176.850
-75.150
-167.850
237.750
212.250
-223.950
74.850
250.350
-258.150
2.250
135.750
-199.050
-222.750
56.550
-38.550
55.050
-255.750
-62.250
49.050
-84.450
-161.850
279.150
241.650
-82.950
211.950
125.250
-89.850
206.850
118.350
232.650
-265.350
-95.250
186.150
-172.350
22.050
-74.550
-149.850
-44.550
-147.150
11.850
-290.850
157.350
226.050
176.550
-173.550
97.350
140.850
123.150
11.550
255.150
130.650
-151.650
202.350
132.450
207.450
-88.950
-47.250
-257.850
273.450
-3.750
175.650
-227.550
-1.950
281.850
298.650
-5.550
-82.650
44.250
238.950
-247.350
163.650
219.750
-106.950
-36.150
-50.250
104.550
-58.650
76.350
-83.850
-219.450
243.750
5.250
-53.850
296.250
-68.250
128.850
41.250
144.150
126.450
235.050
-181.050
247.350
198.750
-288.450
265.650
59.550
-284.550
122.250
-208.650
17.250
-66.450
-58.350
-92.850
119.850
-17.550
129.150
141.450
-83.550
-292.350
-142.950
239.550
213.150
22.350
-88.350
-16.950
-70.050
105.150
266.250
-84.150
-103.350
-109.050
-280.650
-287.250
247.050
235.350
-184.350
290.550
-114.450
-106.650
-36.750
46.350
-240.450
19.650
-91.350
151.350
-118.950
-192.150
-145.950
-6.750
-191.250
189.750
-122.550
173.550
275.250
-195.750
-131.850
100.350
-28.050
-68.850
-181.650
29.550
-289.650
-99.450
45.750
1.350
291.150
154.350
-274.650
-261.450
-289.950
-41.250
-33.450
-108.150
-36.450
219.450
246.750
-91.950
-298.050
218.550
-171.750
133.050
130.350
-157.650
155.550
97.050
-232.950
-193.650
274.050
-202.650
-104.850
115.950
-203.850
236.250
246.150
171.750
187.350
-26.550
239.250
166.350
200.550
-287.550
-130.350
156.450
193.650
291.450
-37.650
243.150
-283.650
113.550
136.650
264.750
138.150
210.750
-63.450
27.750
-1.050
-268.950
-217.050
156.150
202.950
290.850
-243.150
199.050
269.550
-230.550
-271.350
-112.350
-214.350
235.650
151.650
-137.850
-151.350
180.450
240.750
-260.850
-54.450
35.550
-115.350
5.550
-139.050
191.850
218.850
-171.450
-108.750
-184.950
-172.650
65.550
14.550
281.550
-250.350
-156.150
14.250
81.150
-12.150
-19.050
-40.050
-205.950
36.150
3.450
-180.750
244.350
119.250
155.850
-148.650
208.950
-243.450
-132.150
-297.750
128.550
102.750
-287.850
83.550
-105.150
-183.750
-107.550
91.050
-129.150
260.250
9.150
-260.550
246.450
134.250
-11.250
-177.750
-80.550
-30.750
217.050
186.750
-254.250
144.750
-184.050
-144.150
116.550
-185.550
-106.050
158.850
19.350
30.150
215.250
175.350
-226.050
-21.150
-76.050
140.250
-93.750
37.050
-103.650
230.550
-51.750
260.850
-109.950
-135.450
274.950
-251.550
-290.250
68.850
-254.850
-165.450
97.650
257.550
-274.950
228.750
37.950
70.650
274.650
40.050
-161.250
-160.050
224.250
-107.250
-249.450
-231.150
288.450
-204.750
-270.150
-195.150
49.950
-155.550
-298.350
-189.450
172.350
-190.050
205.050
106.050
142.650
250.950
-54.150
-215.550
127.350
-237.450
-0.750
228.150
21.450
-175.650
-93.450
181.650
-251.250
-267.450
150.450
51.450
157.950
28.650
-198.450
-271.650
201.150
-67.650
-143.850
91.350
60.750
188.850
46.050
-24.150
-200.250
110.250
64.950
225.150
67.350
-82.050
7.350
272.250
80.250
285.150
249.750
162.450
-253.650
-232.050
-137.250
-168.750
165.150
-152.550
199.950
-61.350
121.650
-190.950
196.650
220.950
-240.150
119.550
174.150
-228.150
258.150
-38.250
68.550
-44.250
-148.050
-23.850
201.750
-275.250
-99.750
-225.450
-295.650
127.950
-229.950
-64.050
91.650
-64.350
-247.950
-96.150
92.850
238.650
178.650
89.250
-294.150
15.750
70.050
295.050
-38.850
229.650
-134.250
271.650
40.650
-57.450
-283.950
-10.950
-52.650
-4.650
-169.650
-80.850
-298.950
58.050
-119.250
-190.350
-196.950
-77.850
147.450
220.050
159.450
34.050
-262.950
-239.850
250.050
-66.150
-272.850
200.850
229.050
86.550
72.150
264.450
-220.950
13.050
249.450
262.050
-244.650
63.750
-133.950
168.450
19.950
50.850
58.350
-97.350
-142.050
-64.650
-68.550
-282.450
-155.250
25.350
298.050
-136.650
-140.550
113.250
126.150
252.450
27.150
-175.050
110.550
-48.450
-225.150
-76.650
33.450
-244.050
124.650
296.850
19.050
-137.550
244.650
-37.350
100.050
154.950
131.850
-158.250
-30.450
-117.450
177.750
-117.750
-236.850
111.450
261.150
-215.850
-269.850
137.850
148.650
-181.950
166.050
-270.750
-165.750
267.150
-7.050
56.250
-276.450
-243.750
-176.550
195.750
-79.950
-225.750
133.650
124.950
-271.950
56.850
-124.950
-233.250
-37.950
-273.750
149.850
-273.150
-55.350
10.050
118.950
-179.250
-91.050
121.050
-4.050
-268.650
-94.950
-277.650
-42.450
-105.750
66.150
-151.050
103.050
-79.650
-202.950
112.050
72.450
-253.350
-22.650
-214.050
-49.050
162.150
-224.550
-286.050
-228.750
72.750
148.050
131.250
-138.450
194.850
190.050
-95.850
-5.250
18.150
-258.450
229.950
-248.550
132.750
30.450
-291.150
159.150
-265.050
142.050
67.950
-133.650
-108.450
39.750
-233.550
-220.650
-31.050
209.850
-230.250
216.150
258.450
-242.550
161.550
275.850
203.850
271.350
-209.550
-43.350
295.350
-285.750
-43.050
299.250
55.650
-46.350
-276.750
190.350
227.850
-250.950
60.150
-85.050
7.050
-133.050
51.150
79.950
132.150
-165.150
187.650
-205.050
-28.350
99.750
-277.050
280.350
78.450
-60.450
-187.050
237.150
271.950
-167.250
-3.450
278.250
-15.150
73.950
8.550
-214.650
-206.250
282.750
127.650
-40.950
-71.850
267.450
-232.650
60.450
-195.450
-40.650
97.950
24.750
-135.150
88.050
-2.250
280.050
4.650
277.650
5.850
-200.850
-0.150
106.650
109.650
64.050
167.250
253.350
231.150
-64.950
-187.650
151.950
-272.550
-208.950
83.250
39.450
172.950
-153.450
177.450
269.850
-121.050
14.850
-174.750
66.450
-208.350
43.950
-226.350
-85.650
53.550
68.250
242.550
-199.950
-81.750
277.050
-119.850
-140.250
-216.150
-259.050
-120.450
106.950
-31.350
-186.450
-226.950
-160.650
-191.550
122.550
157.650
-17.250
-230.850
292.650
240.450
88.950
145.950
-132.450
137.250
115.350
224.550
-269.250
-22.350
-58.950
-45.450
36.450
-215.250
-32.850
-9.750
-224.850
-220.350
257.250
-170.550
203.550
-116.550
150.750
204.750
-120.750
273.750
-295.050
230.850
87.450
29.850
-35.850
58.950
254.850
75.750
251.550
-67.050
36.750
82.350
16.650
293.550
125.850
96.750
214.650
-97.050
-205.350
-199.650
-197.250
-212.550
65.250
-194.850
87.150
289.050
90.150
221.250
-179.550
-71.250
-163.950
33.750
-291.750
151.050
169.950
-174.150
-229.050
191.550
125.550
-94.050
-154.350
153.450
-299.250
95.550
49.350
71.250
256.950
-277.350
-166.950
210.450
171.150
28.050
44.550
-110.250
248.250
293.250
194.550
157.050
37.650
-212.250
0.750
-189.750
101.850
298.950
31.950
85.050
-164.550
-235.350
82.950
-153.750
-238.350
226.350
120.150
-255.450
77.550
-156.450
-96.750
-220.050
-118.350
87.750
-265.950
-30.150
-147.450
154.650
197.850
199.650
273.150
147.750
94.350
25.950
-199.350
111.150
208.650
-262.650
-234.750
35.250
-254.550
70.950
-122.850
100.650
200.250
-66.750
-115.950
75.450
-241.050
-127.650
-24.450
23.550
17.550
-60.150
-210.750
-213.750
34.350
184.350
61.950
-112.950
219.150
112.650
225.450
-278.850
-166.050
-193.950
80.850
-81.150
204.150
-185.250
158.550
146.550
-125.850
-277.950
-73.350
61.050
181.050
266.550
178.050
1.650
128.250
-49.650
194.250
-239.550
-143.250
-145.650
-210.450
-35.550
-28.950
28.950
236.850
73.350
70.350
15.150
-183.150
-46.650
-41.850
-100.050
-79.350
-96.450
279.450
-110.850
-40.350
-242.850
184.650
95.850
-20.850
-150.750
-13.350
-122.250
-29.850
-248.850
81.450
166.650
7.650
294.150
292.050
-18.150
79.050
-50.850
108.750
-61.950
90.450
204.450
-265.650
-27.150
-218.850
197.250
89.850
-196.650
-127.350
126.750
188.550
-235.650
-224.250
-257.250
-293.850
196.350
20.850
102.150
10.950
129.450
-196.350
-16.050
-252.750
217.350
-286.950
-268.050
103.950
-29.550
-235.950
-113.250
-56.850
183.150
-48.150
79.650
-211.350
18.750
183.450
134.550
26.550
230.250
185.250
-193.050
270.450
38.850
249.150
-59.250
83.850
235.950
-10.650
287.250
270.150
-113.550
-128.550
-22.050
-157.950
-90.450
-196.050
47.550
182.250
234.150
-245.850
182.850
94.950
-87.150
12.450
63.450
-250.650
-241.350
78.150
-134.550
193.350
136.050
-263.250
-146.550
223.950
-269.550
-201.450
62.250
42.150
-78.150
-256.650
-282.150
-65.250
59.250
39.150
291.750
46.650
20.550
-219.750
261.450
-141.150
-75.450
253.950
49.650
-206.550
-106.350
-130.050
135.450
65.850
139.350
62.550
139.650
282.450
-56.250
88.650
41.550
-285.450
-111.150
-47.550
-217.650
169.650
84.750
245.850
-217.350
-256.950
-157.050
121.350
117.750
253.050
-31.650
-72.450
108.450
94.650
209.250
-238.650
64.650
134.850
22.650
-169.050
-157.350
-18.450
63.150
-293.550
215.550
-241.650
226.650
120.450
182.550
-288.150
91.950
3.750
-53.550
-211.050
-178.350
43.650
98.850
-17.850
-286.650
-242.250
-252.150
-232.350
-289.350
-245.550
240.150
-226.650
74.550
-182.550
66.750
210.150
51.750
160.350
121.950
-211.950
-33.750
-56.550
-162.150
-32.550
208.350
-111.450
259.950
-247.050
145.350
12.150
11.250
-168.450
-256.050
-55.050
-223.050
3.150
-95.550
-115.650
-103.950
287.550
283.050
289.650
-74.250
-267.750
-173.850
238.050
57.750
177.150
234.750
8.850
-191.850
52.350
-9.450
170.850
143.850
53.250
-238.050
-163.350
-10.350
-43.950
-21.750
-266.550
170.550
-285.150
-112.650
161.850
73.050
-252.450
293.850
-98.250
76.650
-61.650
-34.050
21.750
139.050
139.950
15.450
112.350
289.950
217.950
-70.650
269.250
104.850
41.850
96.150
-281.850
236.550
-51.150
-154.950
-190.650
-236.550
227.550
47.250
143.550
78.750
158.250
163.050
-5.850
38.550
-154.050
-221.550
-183.450
-261.150
129.750
272.550
-234.150
234.450
-198.750
-278.250
17.850
4.950
-25.050
299.850
153.150
54.450
-129.450
283.950
-128.250
184.950
265.350
142.350
101.250
-258.750
-293.250
206.550
192.450
-70.350
-259.650
-12.450
141.750
-197.550
45.450
61.650
75.150
-98.550
-133.350
-86.250
-229.650
-109.350
257.850
-26.250
-192.450
-294.750
-290.550
73.650
-198.150
-138.150
-83.250
-178.650
-86.850
252.150
232.350
110.850
-16.350
109.050
-273.450
-69.750
-72.750
-127.950
-100.950
-102.450
-163.650
52.650
-145.050
258.750
50.250
22.950
116.250
-169.350
-233.850
-200.550
254.250
43.350
-211.650
-162.750
232.950
89.550
196.050
280.650
-32.250
67.650
205.350
292.350
-271.050
-22.950
226.950
-251.850
278.550
-74.850
-274.050
-113.850
-250.050
-186.750
-131.250
251.250
-140.850
-204.150
233.250
-23.550
160.950
-104.550
250.650
16.950
268.350
263.250
62.850
274.350
284.550
287.850
-166.650
6.150
160.650
-21.450
-266.850
-77.250
-262.050
248.850
74.250
0.150
23.250
163.350
-279.150
-213.150
-94.650
-111.750
-176.250
-27.750
-119.550
259.350
135.150
42.750
-78.450
-48.750
263.850
105.750
52.050
-178.950
-201.750
-141.750
-283.350
-186.150
164.550
-159.750
169.350
203.250
76.050
270.750
-42.150
-97.650
32.250
-156.750
256.650
-45.750
-121.650
296.550
79.350
143.250
-249.150
285.750
262.650
276.750
153.750
-54.750
32.550
275.550
48.150
154.050
282.150
-90.750
69.750
185.550
233.550
-14.550
-73.950
136.950
220.350
86.850
267.750
-249.750
-175.950
-126.450
38.250
148.950
40.350
260.550
-292.950
-292.050
-132.750
272.850
-241.950
-227.250
26.850
199.350
-207.450
-161.550
114.450
124.050
131.550
-217.950
286.050
-52.950
2.850
-192.750
-89.550
30.750
-221.850
178.350
-182.850
117.450
-12.750
-90.150
172.050
-280.350
-177.150
113.850
48.750
145.050
-86.550
195.150
245.550
-75.750
-126.150
-101.250
277.350
-244.950
98.250
-203.250
175.950
222.750
165.750
168.150
-109.650
179.550
137.550
45.150
-6.450
288.750
152.850
-276.150
48.450
102.450
82.050
116.850
-39.150
242.250
-144.750
160.050
-272.250
-101.850
4.350
-136.350
290.250
277.950
-100.350
193.050
148.350
-216.450
239.850
80.550
146.250
2.550
-253.050
211.350
-41.550
1.950
181.350
26.250
254.550
-33.150
20.250
109.950
-144.450
-294.450
-130.650
104.250
176.250
-180.450
112.950
276.450
12.750
189.450
238.350
223.350
142.950
-62.850
-89.250
-125.550
174.450
140.550
-34.350
43.050
-267.150
-159.450
127.050
-81.450
-91.650
31.350
-264.750
217.650
-107.850
184.050
281.250
-125.250
-124.050
207.150
44.850
-260.250
-151.950
276.150
209.550
-296.850
-218.550
-115.050
179.850
-295.350
-20.250
-238.950
-8.550
213.750
-268.350
-176.850
262.950
-263.550
-259.350
261.750
-166.350
-163.050
31.650
243.450
-57.750
-237.750
164.250
-123.150
-7.350
259.050
150.150
213.450
133.950
-288.750
-210.150
-39.750
69.450
297.150
171.450
-13.050
167.850
268.050
-10.050
-142.650
105.450
-131.550
101.550
-15.450
-148.950
99.150
-257.550
117.150
-139.950
-184.650
245.250
-136.950
-8.850
-281.250
-292.650
-187.950
196.950
214.050
69.150
16.050
34.650
-67.350
299.550
-170.850
-93.150
-299.850
-27.450
231.750
-295.950
98.550
188.250
-228.450
256.050
-223.350
295.950
-117.150
190.650
71.550
-121.350
208.050
-13.950
-78.750
100.950
-179.850
216.450
-123.450
122.850
195.450
-139.650
-92.550
25.650
82.650
-141.450
-85.350
59.850
-110.550
77.850
-197.850
-185.850
-35.250
285.450
13.350
-270.450
-47.850
212.850
-20.550
152.250
4.050
-296.550
-80.250
180.150
52.950
286.950
-282.750
92.250
-8.250
-244.350
-187.350
67.050
-114.750
224.850
-120.150
-275.850
280.950
-177.450
237.450
221.550
10.350
-152.850
-43.650
-58.050
-70.950
-127.050
57.450
-116.850
-23.250
-229.350
-259.950
180.750
31.050
103.650
42.450
-101.550
-24.750
185.850
156.750
144.450
-146.250
-11.850
-4.350
173.250
-256.350
247.650
-245.250
-155.850
263.550
-209.250
191.250
-87.450
189.150
211.650
271.050
1.050
244.050
114.150
181.950
174.750
166.950
-18.750
-112.050
170.250
201.450
286.350
-194.250
58.650
-264.450
-158.850
162.750
268.950
-189.150
-7.950
-25.650
-92.250
-69.450
283.650
-152.250
253.650
241.050
146.850
-63.150
55.350
-126.750
187.050
163.950
-59.850
147.150
173.850
-248.250
130.950
-222.150
-158.550
-168.150
-49.950
-202.350
265.050
-142.350
-188.850
265.950
-16.650
229.350
-201.150
-42.750
-45.150
-297.150
-77.550
-134.850
94.050
-15.750
-19.350
-253.950
6.450
24.150
211.050
-34.650
93.450
-205.650
13.650
114.750
95.250
118.050
-150.450
-84.750
-246.150
54.750
-63.750
152.550
-188.250
-129.750
-103.050
-4.950
193.950
93.150
118.650
256.350
138.450
-34.950
155.250
187.950
123.450
64.350
149.550
-11.550
-128.850
-97.950
-203.550
-299.550
169.050
-9.150
-72.150
25.050
-73.650
-298.650
-266.250
-44.850
233.850
