# f_NL_local
-19.0250
49.0750
-40.1250
-0.4250
2.3250
29.1750
-16.4750
14.2250
-41.1250
-37.0750
-32.2250
42.6250
-46.4250
48.2250
44.0250
34.6250
-8.4250
17.8750
-26.5250
26.8750
-39.8750
-0.2250
41.9750
-20.3250
14.0250
20.6250
-16.5250
42.1250
34.2750
31.8250
14.3750
-3.2750
-41.0750
-35.4750
-43.9750
-1.2750
-25.0250
14.0750
48.8250
-49.3750
44.4750
-15.7250
18.6250
-20.7750
-14.6750
-1.0250
49.2750
-37.9750
27.5750
40.4750
7.9750
34.3250
41.3250
-20.6250
-31.4250
-6.1750
1.3250
-4.8750
4.0750
-19.3750
-5.3250
-24.4750
4.5750
-46.6750
21.6750
-49.5750
14.3250
-39.3750
3.5250
-36.5250
27.4750
-14.7750
-7.6750
-19.6750
-23.9250
-17.0250
18.0250
-10.9750
-21.8250
-17.5750
49.1250
-16.7750
-13.7250
-39.5250
38.5750
36.3750
18.2250
36.7750
-22.6750
7.8250
-12.7250
43.2750
36.1250
1.3750
19.1750
29.8750
-22.6250
6.8250
-8.2250
-36.8750
-14.6250
35.4250
37.1750
-0.5250
-9.5250
-28.8250
-46.6250
-39.0750
-2.3750
5.8250
-25.5250
38.0750
-10.1750
5.5250
-25.7750
32.0250
13.6250
0.0750
14.2750
-27.0750
23.5250
33.6750
34.3750
49.5750
10.2250
-28.5250
24.8750
2.7250
17.9250
37.0250
47.3750
40.3250
-4.4750
38.6750
-12.1750
-11.3250
-42.5250
-8.5750
40.2250
-11.9250
46.6250
-9.2750
9.5250
42.5750
5.9750
-23.2250
36.9750
-10.4250
33.7750
-36.1250
15.1250
-47.7250
-9.3250
15.4250
32.1250
-4.3250
11.9750
-0.0750
-23.1250
17.2250
43.7250
-30.2250
-34.5250
31.0750
-29.0750
-38.6250
44.7750
40.8250
14.7250
-19.7750
-20.7250
-41.2750
9.0250
-12.8250
1.5750
41.4250
-46.9250
-3.3250
-24.9250
-17.1250
1.7750
-36.3750
-44.0250
-39.1750
-29.6750
4.7250
-28.3250
28.1250
-47.1750
19.2750
-8.7250
-30.0250
22.7250
-27.9250
37.0750
33.0750
49.7250
47.7750
12.8750
16.5750
47.2250
-2.2750
37.6250
-32.4250
28.7750
-2.4750
-48.1750
-45.7250
-45.9250
-10.1250
-34.6750
-24.2250
3.0750
48.0250
-26.7250
5.4750
37.8750
-47.3750
8.4250
1.6250
-0.2750
-35.8250
46.4750
-11.5250
-7.8250
8.9750
-6.5750
37.2750
24.2750
-9.9250
-8.6750
6.2250
-34.6250
-46.8250
35.8250
-26.8250
35.7250
12.8250
29.8250
35.9750
30.6250
-43.7250
-47.4750
-34.9750
-0.4750
-27.3750
-43.6250
-37.2750
-29.2250
-14.3250
27.9250
17.9750
-4.7750
17.7250
-28.3750
-27.4750
-24.8750
-34.0750
33.0250
-10.9250
-13.1750
-33.6750
-38.5750
22.2250
15.6250
26.6250
20.1250
3.9750
20.7250
-28.6750
1.1250
32.9250
-35.5750
-24.7250
-34.4750
-46.5750
-24.6250
16.0750
-17.3750
-48.5750
-4.2250
-30.3750
-28.8750
49.6250
-8.8750
9.3250
4.8750
23.1250
47.4750
29.4750
-12.5250
-27.9750
39.6250
35.3750
-37.3250
12.4750
41.7250
-43.0250
0.3750
22.6250
-33.1750
-37.1250
9.4250
-6.4250
9.1750
-42.6250
-10.3750
8.1750
-14.0750
-26.9750
46.5250
40.2750
-13.8250
35.3250
20.8750
-14.9750
34.4750
19.7250
38.7750
-44.2250
-15.8750
31.0250
-28.7250
3.6750
-12.4250
-24.9750
-7.4250
-24.5250
1.9750
-48.4750
26.2250
37.6750
29.4250
-28.9250
16.2250
23.4750
20.5250
1.9250
42.5250
21.7750
-25.2750
33.7250
22.0750
34.5750
-14.8250
-7.8750
-42.9750
45.5750
-0.6250
29.2750
-37.9250
-0.3250
46.9750
49.7750
-0.9250
-13.7750
7.3750
39.8250
-41.2250
27.2750
36.6250
-17.8250
-6.0250
-8.3750
17.4250
-9.7750
12.7250
-13.9750
-36.5750
40.6250
0.8750
-8.9750
49.3750
-11.3750
21.4750
6.8750
24.0250
21.0750
39.1750
-30.1750
41.2250
33.1250
-48.0750
44.2750
9.9250
-47.4250
20.3750
-34.7750
2.8750
-11.0750
-9.7250
-15.4750
19.9750
-2.9250
21.5250
23.5750
-13.9250
-48.7250
-23.8250
39.9250
35.5250
3.7250
-14.7250
-2.8250
-11.6750
17.5250
44.3750
-14.0250
-17.2250
-18.1750
-46.7750
-47.8750
41.1750
39.2250
-30.7250
48.4250
-19.0750
-17.7750
-6.1250
7.7250
-40.0750
3.2750
-15.2250
25.2250
-19.8250
-32.0250
-24.3250
-1.1250
-31.8750
31.6250
-20.4250
28.9250
45.8750
-32.6250
-21.9750
16.7250
-4.6750
-11.4750
-30.2750
4.9250
-48.2750
-16.5750
7.6250
0.2250
48.5250
25.7250
-45.7750
-43.5750
-48.3250
-6.8750
-5.5750
-18.0250
-6.0750
36.5750
41.1250
-15.3250
-49.6750
36.4250
-28.6250
22.1750
21.7250
-26.2750
25.9250
16.1750
-38.8250
-32.2750
45.6750
-33.7750
-17.4750
19.3250
-33.9750
39.3750
41.0250
28.6250
31.2250
-4.4250
39.8750
27.7250
33.4250
-47.9250
-21.7250
26.0750
32.2750
48.5750
-6.2750
40.5250
-47.2750
18.9250
22.7750
44.1250
23.0250
35.1250
-10.5750
4.6250
-0.1750
-44.8250
-36.1750
26.0250
33.8250
48.4750
-40.5250
33.1750
44.9250
-38.4250
-45.2250
-18.7250
-35.7250
39.2750
25.2750
-22.9750
-25.2250
30.0750
40.1250
-43.4750
-9.0750
5.9250
-19.2250
0.9250
-23.1750
31.9750
36.4750
-28.5750
-18.1250
-30.8250
-28.7750
10.9250
2.4250
46.9250
-41.7250
-26.0250
2.3750
13.5250
-2.0250
-3.1750
-6.6750
-34.3250
6.0250
0.5750
-30.1250
40.7250
19.8750
25.9750
-24.7750
34.8250
-40.5750
-22.0250
-49.6250
21.4250
17.1250
-47.9750
13.9250
-17.5250
-30.6250
-17.9250
15.1750
-21.5250
43.3750
1.5250
-43.4250
41.0750
22.3750
-1.8750
-29.6250
-13.4250
-5.1250
36.1750
31.1250
-42.3750
24.1250
-30.6750
-24.0250
19.4250
-30.9250
-17.6750
26.4750
3.2250
5.0250
35.8750
29.2250
-37.6750
-3.5250
-12.6750
23.3750
-15.6250
6.1750
-17.2750
38.4250
-8.6250
43.4750
-18.3250
-22.5750
45.8250
-41.9250
-48.3750
11.4750
-42.4750
-27.5750
16.2750
42.9250
-45.8250
38.1250
6.3250
11.7750
45.7750
6.6750
-26.8750
-26.6750
37.3750
-17.8750
-41.5750
-38.5250
48.0750
-34.1250
-45.0250
-32.5250
8.3250
-25.9250
-49.7250
-31.5750
28.7250
-31.6750
34.1750
17.6750
23.7750
41.8250
-9.0250
-35.9250
21.2250
-39.5750
-0.1250
38.0250
3.5750
-29.2750
-15.5750
30.2750
-41.8750
-44.5750
25.0750
8.5750
26.3250
4.7750
-33.0750
-45.2750
33.5250
-11.2750
-23.9750
15.2250
10.1250
31.4750
7.6750
-4.0250
-33.3750
18.3750
10.8250
37.5250
11.2250
-13.6750
1.2250
45.3750
13.3750
47.5250
41.6250
27.0750
-42.2750
-38.6750
-22.8750
-28.1250
27.5250
-25.4250
33.3250
-10.2250
20.2750
-31.8250
32.7750
36.8250
-40.0250
19.9250
29.0250
-38.0250
43.0250
-6.3750
11.4250
-7.3750
-24.6750
-3.9750
33.6250
-45.8750
-16.6250
-37.5750
-49.2750
21.3250
-38.3250
-10.6750
15.2750
-10.7250
-41.3250
-16.0250
15.4750
39.7750
29.7750
14.8750
-49.0250
2.6250
11.6750
49.1750
-6.4750
38.2750
-22.3750
45.2750
6.7750
-9.5750
-47.3250
-1.8250
-8.7750
-0.7750
-28.2750
-13.4750
-49.8250
9.6750
-19.8750
-31.7250
-32.8250
-12.9750
24.5750
36.6750
26.5750
5.6750
-43.8250
-39.9750
41.6750
-11.0250
-45.4750
33.4750
38.1750
14.4250
12.0250
44.0750
-36.8250
2.1750
41.5750
43.6750
-40.7750
10.6250
-22.3250
28.0750
3.3250
8.4750
9.7250
-16.2250
-23.6750
-10.7750
-11.4250
-47.0750
-25.8750
4.2250
49.6750
-22.7750
-23.4250
18.8750
21.0250
42.0750
4.5250
-29.1750
18.4250
-8.0750
-37.5250
-12.7750
5.5750
-40.6750
20.7750
49.4750
3.1750
-22.9250
40.7750
-6.2250
16.6750
25.8250
21.9750
-26.3750
-5.0750
-19.5750
29.6250
-19.6250
-39.4750
18.5750
43.5250
-35.9750
-44.9750
22.9750
24.7750
-30.3250
27.6750
-45.1250
-27.6250
44.5250
-1.1750
9.3750
-46.0750
-40.6250
-29.4250
32.6250
-13.3250
-37.6250
22.2750
20.8250
-45.3250
9.4750
-20.8250
-38.8750
-6.3250
-45.6250
24.9750
-45.5250
-9.2250
1.6750
19.8250
-29.8750
-15.1750
20.1750
-0.6750
-44.7750
-15.8250
-46.2750
-7.0750
-17.6250
11.0250
-25.1750
17.1750
-13.2750
-33.8250
18.6750
12.0750
-42.2250
-3.7750
-35.6750
-8.1750
27.0250
-37.4250
-47.6750
-38.1250
12.1250
24.6750
21.8750
-23.0750
32.4750
31.6750
-15.9750
-0.8750
3.0250
-43.0750
38.3250
-41.4250
22.1250
5.0750
-48.5250
26.5250
-44.1750
23.6750
11.3250
-22.2750
-18.0750
6.6250
-38.9250
-36.7750
-5.1750
34.9750
-38.3750
36.0250
43.0750
-40.4250
26.9250
45.9750
33.9750
45.2250
-34.9250
-7.2250
49.2250
-47.6250
-7.1750
49.8750
9.2750
-7.7250
-46.1250
31.7250
37.9750
-41.8250
10.0250
-14.1750
1.1750
-22.1750
8.5250
13.3250
22.0250
-27.5250
31.2750
-34.1750
-4.7250
16.6250
-46.1750
46.7250
13.0750
-10.0750
-31.1750
39.5250
45.3250
-27.8750
-0.5750
46.3750
-2.5250
12.3250
1.4250
-35.7750
-34.3750
47.1250
21.2750
-6.8250
-11.9750
44.5750
-38.7750
10.0750
-32.5750
-6.7750
16.3250
4.1250
-22.5250
14.6750
-0.3750
46.6750
0.7750
46.2750
0.9750
-33.4750
-0.0250
17.7750
18.2750
10.6750
27.8750
42.2250
38.5250
-10.8250
-31.2750
25.3250
-45.4250
-34.8250
13.8750
6.5750
28.8250
-25.5750
29.5750
44.9750
-20.1750
2.4750
-29.1250
11.0750
-34.7250
7.3250
-37.7250
-14.2750
8.9250
11.3750
40.4250
-33.3250
-13.6250
46.1750
-19.9750
-23.3750
-36.0250
-43.1750
-20.0750
17.8250
-5.2250
-31.0750
-37.8250
-26.7750
-31.9250
20.4250
26.2750
-2.8750
-38.4750
48.7750
40.0750
14.8250
24.3250
-22.0750
22.8750
19.2250
37.4250
-44.8750
-3.7250
-9.8250
-7.5750
6.0750
-35.8750
-5.4750
-1.6250
-37.4750
-36.7250
42.8750
-28.4250
33.9250
-19.4250
25.1250
34.1250
-20.1250
45.6250
-49.1750
38.4750
14.5750
4.9750
-5.9750
9.8250
42.4750
12.6250
41.9250
-11.1750
6.1250
13.7250
2.7750
48.9250
20.9750
16.1250
35.7750
-16.1750
-34.2250
-33.2750
-32.8750
-35.4250
10.8750
-32.4750
14.5250
48.1750
15.0250
36.8750
-29.9250
-11.8750
-27.3250
5.6250
-48.6250
25.1750
28.3250
-29.0250
-38.1750
31.9250
20.9250
-15.6750
-25.7250
25.5750
-49.8750
15.9250
8.2250
11.8750
42.8250
-46.2250
-27.8250
35.0750
28.5250
4.6750
7.4250
-18.3750
41.3750
48.8750
32.4250
26.1750
6.2750
-35.3750
0.1250
-31.6250
16.9750
49.8250
5.3250
14.1750
-27.4250
-39.2250
13.8250
-25.6250
-39.7250
37.7250
20.0250
-42.5750
12.9250
-26.0750
-16.1250
-36.6750
-19.7250
14.6250
-44.3250
-5.0250
-24.5750
25.7750
32.9750
33.2750
45.5250
24.6250
15.7250
4.3250
-33.2250
18.5250
34.7750
-43.7750
-39.1250
5.8750
-42.4250
11.8250
-20.4750
16.7750
33.3750
-11.1250
-19.3250
12.5750
-40.1750
-21.2750
-4.0750
3.9250
2.9250
-10.0250
-35.1250
-35.6250
5.7250
30.7250
10.3250
-18.8250
36.5250
18.7750
37.5750
-46.4750
-27.6750
-32.3250
13.4750
-13.5250
34.0250
-30.8750
26.4250
24.4250
-20.9750
-46.3250
-12.2250
10.1750
30.1750
44.4250
29.6750
0.2750
21.3750
-8.2750
32.3750
-39.9250
-23.8750
-24.2750
-35.0750
-5.9250
-4.8250
4.8250
39.4750
12.2250
11.7250
2.5250
-30.5250
-7.7750
-6.9750
-16.6750
-13.2250
-16.0750
46.5750
-18.4750
-6.7250
-40.4750
30.7750
15.9750
-3.4750
-25.1250
-2.2250
-20.3750
-4.9750
-41.4750
13.5750
27.7750
1.2750
49.0250
48.6750
-3.0250
13.1750
-8.4750
18.1250
-10.3250
15.0750
34.0750
-44.2750
-4.5250
-36.4750
32.8750
14.9750
-32.7750
-21.2250
21.1250
31.4250
-39.2750
-37.3750
-42.8750
-48.9750
32.7250
3.4750
17.0250
1.8250
21.5750
-32.7250
-2.6750
-42.1250
36.2250
-47.8250
-44.6750
17.3250
-4.9250
-39.3250
-18.8750
-9.4750
30.5250
-8.0250
13.2750
-35.2250
3.1250
30.5750
22.4250
4.4250
38.3750
30.8750
-32.1750
45.0750
6.4750
41.5250
-9.8750
13.9750
39.3250
-1.7750
47.8750
45.0250
-18.9250
-21.4250
-3.6750
-26.3250
-15.0750
-32.6750
7.9250
30.3750
39.0250
-40.9750
30.4750
15.8250
-14.5250
2.0750
10.5750
-41.7750
-40.2250
13.0250
-22.4250
32.2250
22.6750
-43.8750
-24.4250
37.3250
-44.9250
-33.5750
10.3750
7.0250
-13.0250
-42.7750
-47.0250
-10.8750
9.8750
6.5250
48.6250
7.7750
3.4250
-36.6250
43.5750
-23.5250
-12.5750
42.3250
8.2750
-34.4250
-17.7250
-21.6750
22.5750
10.9750
23.2250
10.4250
23.2750
47.0750
-9.3750
14.7750
6.9250
-47.5750
-18.5250
-7.9250
-36.2750
28.2750
14.1250
40.9750
-36.2250
-42.8250
-26.1750
20.2250
19.6250
42.1750
-5.2750
-12.0750
18.0750
15.7750
34.8750
-39.7750
10.7750
22.4750
3.7750
-28.1750
-26.2250
-3.0750
10.5250
-48.9250
35.9250
-40.2750
37.7750
20.0750
30.4250
-48.0250
15.3250
0.6250
-8.9250
-35.1750
-29.7250
7.2750
16.4750
-2.9750
-47.7750
-40.3750
-42.0250
-38.7250
-48.2250
-40.9250
40.0250
-37.7750
12.4250
-30.4250
11.1250
35.0250
8.6250
26.7250
20.3250
-35.3250
-5.6250
-9.4250
-27.0250
-5.4250
34.7250
-18.5750
43.3250
-41.1750
24.2250
2.0250
1.8750
-28.0750
-42.6750
-9.1750
-37.1750
0.5250
-15.9250
-19.2750
-17.3250
47.9250
47.1750
48.2750
-12.3750
-44.6250
-28.9750
39.6750
9.6250
29.5250
39.1250
1.4750
-31.9750
8.7250
-1.5750
28.4750
23.9750
8.8750
-39.6750
-27.2250
-1.7250
-7.3250
-3.6250
-44.4250
28.4250
-47.5250
-18.7750
26.9750
12.1750
-42.0750
48.9750
-16.3750
12.7750
-10.2750
-5.6750
3.6250
23.1750
23.3250
2.5750
18.7250
48.3250
36.3250
-11.7750
44.8750
17.4750
6.9750
16.0250
-46.9750
39.4250
-8.5250
-25.8250
-31.7750
-39.4250
37.9250
7.8750
23.9250
13.1250
26.3750
27.1750
-0.9750
6.4250
-25.6750
-36.9250
-30.5750
-43.5250
21.6250
45.4250
-39.0250
39.0750
-33.1250
-46.3750
2.9750
0.8250
-4.1750
49.9750
25.5250
9.0750
-21.5750
47.3250
-21.3750
30.8250
44.2250
23.7250
16.8750
-43.1250
-48.8750
34.4250
32.0750
-11.7250
-43.2750
-2.0750
23.6250
-32.9250
7.5750
10.2750
12.5250
-16.4250
-22.2250
-14.3750
-38.2750
-18.2250
42.9750
-4.3750
-32.0750
-49.1250
-48.4250
12.2750
-33.0250
-23.0250
-13.8750
-29.7750
-14.4750
42.0250
38.7250
18.4750
-2.7250
18.1750
-45.5750
-11.6250
-12.1250
-21.3250
-16.8250
-17.0750
-27.2750
8.7750
-24.1750
43.1250
8.3750
3.8250
19.3750
-28.2250
-38.9750
-33.4250
42.3750
7.2250
-35.2750
-27.1250
38.8250
14.9250
32.6750
46.7750
-5.3750
11.2750
34.2250
48.7250
-45.1750
-3.8250
37.8250
-41.9750
46.4250
-12.4750
-45.6750
-18.9750
-41.6750
-31.1250
-21.8750
41.8750
-23.4750
-34.0250
38.8750
-3.9250
26.8250
-17.4250
41.7750
2.8250
44.7250
43.8750
10.4750
45.7250
47.4250
47.9750
-27.7750
1.0250
26.7750
-3.5750
-44.4750
-12.8750
-43.6750
41.4750
12.3750
0.0250
3.8750
27.2250
-46.5250
-35.5250
-15.7750
-18.6250
-29.3750
-4.6250
-19.9250
43.2250
22.5250
7.1250
-13.0750
-8.1250
43.9750
17.6250
8.6750
-29.8250
-33.6250
-23.6250
-47.2250
-31.0250
27.4250
-26.6250
28.2250
33.8750
12.6750
45.1250
-7.0250
-16.2750
5.3750
-26.1250
42.7750
-7.6250
-20.2750
49.4250
13.2250
23.8750
-41.5250
47.6250
43.7750
46.1250
25.6250
-9.1250
5.4250
45.9250
8.0250
25.6750
47.0250
-15.1250
11.6250
30.9250
38.9250
-2.4250
-12.3250
22.8250
36.7250
14.4750
44.6250
-41.6250
-29.3250
-21.0750
6.3750
24.8250
6.7250
43.4250
-48.8250
-48.6750
-22.1250
45.4750
-40.3250
-37.8750
4.4750
33.2250
-34.5750
-26.9250
19.0750
20.6750
21.9250
-36.3250
47.6750
-8.8250
0.4750
-32.1250
-14.9250
5.1250
-36.9750
29.7250
-30.4750
19.5750
-2.1250
-15.0250
28.6750
-46.7250
-29.5250
18.9750
8.1250
24.1750
-14.4250
32.5250
40.9250
-12.6250
-21.0250
-16.8750
46.2250
-40.8250
16.3750
-33.8750
29.3250
37.1250
27.6250
28.0250
-18.2750
29.9250
22.9250
7.5250
-1.0750
48.1250
25.4750
-46.0250
8.0750
17.0750
13.6750
19.4750
-6.5250
40.3750
-24.1250
26.6750
-45.3750
-16.9750
0.7250
-22.7250
48.3750
46.3250
-16.7250
32.1750
24.7250
-36.0750
39.9750
13.4250
24.3750
0.4250
-42.1750
35.2250
-6.9250
0.3250
30.2250
4.3750
42.4250
-5.5250
3.3750
18.3250
-24.0750
-49.0750
-21.7750
17.3750
29.3750
-30.0750
18.8250
46.0750
2.1250
31.5750
39.7250
37.2250
23.8250
-10.4750
-14.8750
-20.9250
29.0750
23.4250
-5.7250
7.1750
-44.5250
-26.5750
21.1750
-13.5750
-15.2750
5.2250
-44.1250
36.2750
-17.9750
30.6750
46.8750
-20.8750
-20.6750
34.5250
7.4750
-43.3750
-25.3250
46.0250
34.9250
-49.4750
-36.4250
-19.1750
29.9750
-49.2250
-3.3750
-39.8250
-1.4250
35.6250
-44.7250
-29.4750
43.8250
-43.9250
-43.2250
43.6250
-27.7250
-27.1750
5.2750
40.5750
-9.6250
-39.6250
27.3750
-20.5250
-1.2250
43.1750
25.0250
35.5750
22.3250
-48.1250
-35.0250
-6.6250
11.5750
49.5250
28.5750
-2.1750
27.9750
44.6750
-1.6750
-23.7750
17.5750
-21.9250
16.9250
-2.5750
-24.8250
16.5250
-42.9250
19.5250
-23.3250
-30.7750
40.8750
-22.8250
-1.4750
-46.8750
-48.7750
-31.3250
32.8250
35.6750
11.5250
2.6750
5.7750
-11.2250
49.9250
-28.4750
-15.5250
-49.9750
-4.5750
38.6250
-49.3250
16.4250
31.3750
-38.0750
42.6750
-37.2250
49.3250
-19.5250
31.7750
11.9250
-20.2250
34.6750
-2.3250
-13.1250
16.8250
-29.9750
36.0750
-20.5750
20.4750
32.5750
-23.2750
-15.4250
4.2750
13.7750
-23.5750
-14.2250
9.9750
-18.4250
12.9750
-32.9750
-30.9750
-5.8750
47.5750
2.2250
-45.0750
-7.9750
35.4750
-3.4250
25.3750
0.6750
-49.4250
-13.3750
30.0250
8.8250
47.8250
-47.1250
15.3750
-1.3750
-40.7250
-31.2250
11.1750
-19.1250
37.4750
-20.0250
-45.9750
46.8250
-29.5750
39.5750
36.9250
1.7250
-25.4750
-7.2750
-9.6750
-11.8250
-21.1750
9.5750
-19.4750
-3.8750
-38.2250
-43.3250
30.1250
5.1750
17.2750
7.0750
-16.9250
-4.1250
30.9750
26.1250
24.0750
-24.3750
-1.9750
-0.7250
28.8750
-42.7250
41.2750
-40.8750
-25.9750
43.9250
-34.8750
31.8750
-14.5750
31.5250
35.2750
45.1750
0.1750
40.6750
19.0250
30.3250
29.1250
27.8250
-3.1250
-18.6750
28.3750
33.5750
47.7250
-32.3750
9.7750
-44.0750
-26.4750
27.1250
44.8250
-31.5250
-1.3250
-4.2750
-15.3750
-11.5750
47.2750
-25.3750
42.2750
40.1750
24.4750
-10.5250
9.2250
-21.1250
31.1750
27.3250
-9.9750
24.5250
28.9750
-41.3750
21.8250
-37.0250
-26.4250
-28.0250
-8.3250
-33.7250
44.1750
-23.7250
-31.4750
44.3250
-2.7750
38.2250
-33.5250
-7.1250
-7.5250
-49.5250
-12.9250
-22.4750
15.6750
-2.6250
-3.2250
-42.3250
1.0750
4.0250
35.1750
-5.7750
15.5750
-34.2750
2.2750
19.1250
15.8750
19.6750
-25.0750
-14.1250
-41.0250
9.1250
-10.6250
25.4250
-31.3750
-21.6250
-17.1750
-0.8250
32.3250
15.5250
19.7750
42.7250
23.0750
-5.8250
25.8750
31.3250
20.5750
10.7250
24.9250
-1.9250
-21.4750
-16.3250
-33.9250
-49.9250
28.1750
-1.5250
-12.0250
4.1750
-12.2750
-49.7750
-44.3750
-7.4750
38.9750
