# f_NL_equilateral
-95.1250
245.3750
-200.6250
-2.1250
11.6250
145.8750
-82.3750
71.1250
-205.6250
-185.3750
-161.1250
213.1250
-232.1250
241.1250
220.1250
173.1250
-42.1250
89.3750
-132.6250
134.3750
-199.3750
-1.1250
209.8750
-101.6250
70.1250
103.1250
-82.6250
210.6250
171.3750
159.1250
71.8750
-16.3750
-205.3750
-177.3750
-219.8750
-6.3750
-125.1250
70.3750
244.1250
-246.8750
222.3750
-78.6250
93.1250
-103.8750
-73.3750
-5.1250
246.3750
-189.8750
137.8750
202.3750
39.8750
171.6250
206.6250
-103.1250
-157.1250
-30.8750
6.6250
-24.3750
20.3750
-96.8750
-26.6250
-122.3750
22.8750
-233.3750
108.3750
-247.8750
71.6250
-196.8750
17.6250
-182.6250
137.3750
-73.8750
-38.3750
-98.3750
-119.6250
-85.1250
90.1250
-54.8750
-109.1250
-87.8750
245.6250
-83.8750
-68.6250
-197.6250
192.8750
181.8750
91.1250
183.8750
-113.3750
39.1250
-63.6250
216.3750
180.6250
6.8750
95.8750
149.3750
-113.1250
34.1250
-41.1250
-184.3750
-73.1250
177.1250
185.8750
-2.6250
-47.6250
-144.1250
-233.1250
-195.3750
-11.8750
29.1250
-127.6250
190.3750
-50.8750
27.6250
-128.8750
160.1250
68.1250
0.3750
71.3750
-135.3750
117.6250
168.3750
171.8750
247.8750
51.1250
-142.6250
124.3750
13.6250
89.6250
185.1250
236.8750
201.6250
-22.3750
193.3750
-60.8750
-56.6250
-212.6250
-42.8750
201.1250
-59.6250
233.1250
-46.3750
47.6250
212.8750
29.8750
-116.1250
184.8750
-52.1250
168.8750
-180.6250
75.6250
-238.6250
-46.6250
77.1250
160.6250
-21.6250
59.8750
-0.3750
-115.6250
86.1250
218.6250
-151.1250
-172.6250
155.3750
-145.3750
-193.1250
223.8750
204.1250
73.6250
-98.8750
-103.6250
-206.3750
45.1250
-64.1250
7.8750
207.1250
-234.6250
-16.6250
-124.6250
-85.6250
8.8750
-181.8750
-220.1250
-195.8750
-148.3750
23.6250
-141.6250
140.6250
-235.8750
96.3750
-43.6250
-150.1250
113.6250
-139.6250
185.3750
165.3750
248.6250
238.8750
64.3750
82.8750
236.1250
-11.3750
188.1250
-162.1250
143.8750
-12.3750
-240.8750
-228.6250
-229.6250
-50.6250
-173.3750
-121.1250
15.3750
240.1250
-133.6250
27.3750
189.3750
-236.8750
42.1250
8.1250
-1.3750
-179.1250
232.3750
-57.6250
-39.1250
44.8750
-32.8750
186.3750
121.3750
-49.6250
-43.3750
31.1250
-173.1250
-234.1250
179.1250
-134.1250
178.6250
64.1250
149.1250
179.8750
153.1250
-218.6250
-237.3750
-174.8750
-2.3750
-136.8750
-218.1250
-186.3750
-146.1250
-71.6250
139.6250
89.8750
-23.8750
88.6250
-141.8750
-137.3750
-124.3750
-170.3750
165.1250
-54.6250
-65.8750
-168.3750
-192.8750
111.1250
78.1250
133.1250
100.6250
19.8750
103.6250
-143.3750
5.6250
164.6250
-177.8750
-123.6250
-172.3750
-232.8750
-123.1250
80.3750
-86.8750
-242.8750
-21.1250
-151.8750
-144.3750
248.1250
-44.3750
46.6250
24.3750
115.6250
237.3750
147.3750
-62.6250
-139.8750
198.1250
176.8750
-186.6250
62.3750
208.6250
-215.1250
1.8750
113.1250
-165.8750
-185.6250
47.1250
-32.1250
45.8750
-213.1250
-51.8750
40.8750
-70.3750
-134.8750
232.6250
201.3750
-69.1250
176.6250
104.3750
-74.8750
172.3750
98.6250
193.8750
-221.1250
-79.3750
155.1250
-143.6250
18.3750
-62.1250
-124.8750
-37.1250
-122.6250
9.8750
-242.3750
131.1250
188.3750
147.1250
-144.6250
81.1250
117.3750
102.6250
9.6250
212.6250
108.8750
-126.3750
168.6250
110.3750
172.8750
-74.1250
-39.3750
-214.8750
227.8750
-3.1250
146.3750
-189.6250
-1.6250
234.8750
248.8750
-4.6250
-68.8750
36.8750
199.1250
-206.1250
136.3750
183.1250
-89.1250
-30.1250
-41.8750
87.1250
-48.8750
63.6250
-69.8750
-182.8750
203.1250
4.3750
-44.8750
246.8750
-56.8750
107.3750
34.3750
120.1250
105.3750
195.8750
-150.8750
206.1250
165.6250
-240.3750
221.3750
49.6250
-237.1250
101.8750
-173.8750
14.3750
-55.3750
-48.6250
-77.3750
99.8750
-14.6250
107.6250
117.8750
-69.6250
-243.6250
-119.1250
199.6250
177.6250
18.6250
-73.6250
-14.1250
-58.3750
87.6250
221.8750
-70.1250
-86.1250
-90.8750
-233.8750
-239.3750
205.8750
196.1250
-153.6250
242.1250
-95.3750
-88.8750
-30.6250
38.6250
-200.3750
16.3750
-76.1250
126.1250
-99.1250
-160.1250
-121.6250
-5.6250
-159.3750
158.1250
-102.1250
144.6250
229.3750
-163.1250
-109.8750
83.6250
-23.3750
-57.3750
-151.3750
24.6250
-241.3750
-82.8750
38.1250
1.1250
242.6250
128.6250
-228.8750
-217.8750
-241.6250
-34.3750
-27.8750
-90.1250
-30.3750
182.8750
205.6250
-76.6250
-248.3750
182.1250
-143.1250
110.8750
108.6250
-131.3750
129.6250
80.8750
-194.1250
-161.3750
228.3750
-168.8750
-87.3750
96.6250
-169.8750
196.8750
205.1250
143.1250
156.1250
-22.1250
199.3750
138.6250
167.1250
-239.6250
-108.6250
130.3750
161.3750
242.8750
-31.3750
202.6250
-236.3750
94.6250
113.8750
220.6250
115.1250
175.6250
-52.8750
23.1250
-0.8750
-224.1250
-180.8750
130.1250
169.1250
242.3750
-202.6250
165.8750
224.6250
-192.1250
-226.1250
-93.6250
-178.6250
196.3750
126.3750
-114.8750
-126.1250
150.3750
200.6250
-217.3750
-45.3750
29.6250
-96.1250
4.6250
-115.8750
159.8750
182.3750
-142.8750
-90.6250
-154.1250
-143.8750
54.6250
12.1250
234.6250
-208.6250
-130.1250
11.8750
67.6250
-10.1250
-15.8750
-33.3750
-171.6250
30.1250
2.8750
-150.6250
203.6250
99.3750
129.8750
-123.8750
174.1250
-202.8750
-110.1250
-248.1250
107.1250
85.6250
-239.8750
69.6250
-87.6250
-153.1250
-89.6250
75.8750
-107.6250
216.8750
7.6250
-217.1250
205.3750
111.8750
-9.3750
-148.1250
-67.1250
-25.6250
180.8750
155.6250
-211.8750
120.6250
-153.3750
-120.1250
97.1250
-154.6250
-88.3750
132.3750
16.1250
25.1250
179.3750
146.1250
-188.3750
-17.6250
-63.3750
116.8750
-78.1250
30.8750
-86.3750
192.1250
-43.1250
217.3750
-91.6250
-112.8750
229.1250
-209.6250
-241.8750
57.3750
-212.3750
-137.8750
81.3750
214.6250
-229.1250
190.6250
31.6250
58.8750
228.8750
33.3750
-134.3750
-133.3750
186.8750
-89.3750
-207.8750
-192.6250
240.3750
-170.6250
-225.1250
-162.6250
41.6250
-129.6250
-248.6250
-157.8750
143.6250
-158.3750
170.8750
88.3750
118.8750
209.1250
-45.1250
-179.6250
106.1250
-197.8750
-0.6250
190.1250
17.8750
-146.3750
-77.8750
151.3750
-209.3750
-222.8750
125.3750
42.8750
131.6250
23.8750
-165.3750
-226.3750
167.6250
-56.3750
-119.8750
76.1250
50.6250
157.3750
38.3750
-20.1250
-166.8750
91.8750
54.1250
187.6250
56.1250
-68.3750
6.1250
226.8750
66.8750
237.6250
208.1250
135.3750
-211.3750
-193.3750
-114.3750
-140.6250
137.6250
-127.1250
166.6250
-51.1250
101.3750
-159.1250
163.8750
184.1250
-200.1250
99.6250
145.1250
-190.1250
215.1250
-31.8750
57.1250
-36.8750
-123.3750
-19.8750
168.1250
-229.3750
-83.1250
-187.8750
-246.3750
106.6250
-191.6250
-53.3750
76.3750
-53.6250
-206.6250
-80.1250
77.3750
198.8750
148.8750
74.3750
-245.1250
13.1250
58.3750
245.8750
-32.3750
191.3750
-111.8750
226.3750
33.8750
-47.8750
-236.6250
-9.1250
-43.8750
-3.8750
-141.3750
-67.3750
-249.1250
48.3750
-99.3750
-158.6250
-164.1250
-64.8750
122.8750
183.3750
132.8750
28.3750
-219.1250
-199.8750
208.3750
-55.1250
-227.3750
167.3750
190.8750
72.1250
60.1250
220.3750
-184.1250
10.8750
207.8750
218.3750
-203.8750
53.1250
-111.6250
140.3750
16.6250
42.3750
48.6250
-81.1250
-118.3750
-53.8750
-57.1250
-235.3750
-129.3750
21.1250
248.3750
-113.8750
-117.1250
94.3750
105.1250
210.3750
22.6250
-145.8750
92.1250
-40.3750
-187.6250
-63.8750
27.8750
-203.3750
103.8750
247.3750
15.8750
-114.6250
203.8750
-31.1250
83.3750
129.1250
109.8750
-131.8750
-25.3750
-97.8750
148.1250
-98.1250
-197.3750
92.8750
217.6250
-179.8750
-224.8750
114.8750
123.8750
-151.6250
138.3750
-225.6250
-138.1250
222.6250
-5.8750
46.8750
-230.3750
-203.1250
-147.1250
163.1250
-66.6250
-188.1250
111.3750
104.1250
-226.6250
47.3750
-104.1250
-194.3750
-31.6250
-228.1250
124.8750
-227.6250
-46.1250
8.3750
99.1250
-149.3750
-75.8750
100.8750
-3.3750
-223.8750
-79.1250
-231.3750
-35.3750
-88.1250
55.1250
-125.8750
85.8750
-66.3750
-169.1250
93.3750
60.3750
-211.1250
-18.8750
-178.3750
-40.8750
135.1250
-187.1250
-238.3750
-190.6250
60.6250
123.3750
109.3750
-115.3750
162.3750
158.3750
-79.8750
-4.3750
15.1250
-215.3750
191.6250
-207.1250
110.6250
25.3750
-242.6250
132.6250
-220.8750
118.3750
56.6250
-111.3750
-90.3750
33.1250
-194.6250
-183.8750
-25.8750
174.8750
-191.8750
180.1250
215.3750
-202.1250
134.6250
229.8750
169.8750
226.1250
-174.6250
-36.1250
246.1250
-238.1250
-35.8750
249.3750
46.3750
-38.6250
-230.6250
158.6250
189.8750
-209.1250
50.1250
-70.8750
5.8750
-110.8750
42.6250
66.6250
110.1250
-137.6250
156.3750
-170.8750
-23.6250
83.1250
-230.8750
233.6250
65.3750
-50.3750
-155.8750
197.6250
226.6250
-139.3750
-2.8750
231.8750
-12.6250
61.6250
7.1250
-178.8750
-171.8750
235.6250
106.3750
-34.1250
-59.8750
222.8750
-193.8750
50.3750
-162.8750
-33.8750
81.6250
20.6250
-112.6250
73.3750
-1.8750
233.3750
3.8750
231.3750
4.8750
-167.3750
-0.1250
88.8750
91.3750
53.3750
139.3750
211.1250
192.6250
-54.1250
-156.3750
126.6250
-227.1250
-174.1250
69.3750
32.8750
144.1250
-127.8750
147.8750
224.8750
-100.8750
12.3750
-145.6250
55.3750
-173.6250
36.6250
-188.6250
-71.3750
44.6250
56.8750
202.1250
-166.6250
-68.1250
230.8750
-99.8750
-116.8750
-180.1250
-215.8750
-100.3750
89.1250
-26.1250
-155.3750
-189.1250
-133.8750
-159.6250
102.1250
131.3750
-14.3750
-192.3750
243.8750
200.3750
74.1250
121.6250
-110.3750
114.3750
96.1250
187.1250
-224.3750
-18.6250
-49.1250
-37.8750
30.3750
-179.3750
-27.3750
-8.1250
-187.3750
-183.6250
214.3750
-142.1250
169.6250
-97.1250
125.6250
170.6250
-100.6250
228.1250
-245.8750
192.3750
72.8750
24.8750
-29.8750
49.1250
212.3750
63.1250
209.6250
-55.8750
30.6250
68.6250
13.8750
244.6250
104.8750
80.6250
178.8750
-80.8750
-171.1250
-166.3750
-164.3750
-177.1250
54.3750
-162.3750
72.6250
240.8750
75.1250
184.3750
-149.6250
-59.3750
-136.6250
28.1250
-243.1250
125.8750
141.6250
-145.1250
-190.8750
159.6250
104.6250
-78.3750
-128.6250
127.8750
-249.3750
79.6250
41.1250
59.3750
214.1250
-231.1250
-139.1250
175.3750
142.6250
23.3750
37.1250
-91.8750
206.8750
244.3750
162.1250
130.8750
31.3750
-176.8750
0.6250
-158.1250
84.8750
249.1250
26.6250
70.8750
-137.1250
-196.1250
69.1250
-128.1250
-198.6250
188.6250
100.1250
-212.8750
64.6250
-130.3750
-80.6250
-183.3750
-98.6250
73.1250
-221.6250
-25.1250
-122.8750
128.8750
164.8750
166.3750
227.6250
123.1250
78.6250
21.6250
-166.1250
92.6250
173.8750
-218.8750
-195.6250
29.3750
-212.1250
59.1250
-102.3750
83.8750
166.8750
-55.6250
-96.6250
62.8750
-200.8750
-106.3750
-20.3750
19.6250
14.6250
-50.1250
-175.6250
-178.1250
28.6250
153.6250
51.6250
-94.1250
182.6250
93.8750
187.8750
-232.3750
-138.3750
-161.6250
67.3750
-67.6250
170.1250
-154.3750
132.1250
122.1250
-104.8750
-231.6250
-61.1250
50.8750
150.8750
222.1250
148.3750
1.3750
106.8750
-41.3750
161.8750
-199.6250
-119.3750
-121.3750
-175.3750
-29.6250
-24.1250
24.1250
197.3750
61.1250
58.6250
12.6250
-152.6250
-38.8750
-34.8750
-83.3750
-66.1250
-80.3750
232.8750
-92.3750
-33.6250
-202.3750
153.8750
79.8750
-17.3750
-125.6250
-11.1250
-101.8750
-24.8750
-207.3750
67.8750
138.8750
6.3750
245.1250
243.3750
-15.1250
65.8750
-42.3750
90.6250
-51.6250
75.3750
170.3750
-221.3750
-22.6250
-182.3750
164.3750
74.8750
-163.8750
-106.1250
105.6250
157.1250
-196.3750
-186.8750
-214.3750
-244.8750
163.6250
17.3750
85.1250
9.1250
107.8750
-163.6250
-13.3750
-210.6250
181.1250
-239.1250
-223.3750
86.6250
-24.6250
-196.6250
-94.3750
-47.3750
152.6250
-40.1250
66.3750
-176.1250
15.6250
152.8750
112.1250
22.1250
191.8750
154.3750
-160.8750
225.3750
32.3750
207.6250
-49.3750
69.8750
196.6250
-8.8750
239.3750
225.1250
-94.6250
-107.1250
-18.3750
-131.6250
-75.3750
-163.3750
39.6250
151.8750
195.1250
-204.8750
152.3750
79.1250
-72.6250
10.3750
52.8750
-208.8750
-201.1250
65.1250
-112.1250
161.1250
113.3750
-219.3750
-122.1250
186.6250
-224.6250
-167.8750
51.8750
35.1250
-65.1250
-213.8750
-235.1250
-54.3750
49.3750
32.6250
243.1250
38.8750
17.1250
-183.1250
217.8750
-117.6250
-62.8750
211.6250
41.3750
-172.1250
-88.6250
-108.3750
112.8750
54.8750
116.1250
52.1250
116.3750
235.3750
-46.8750
73.8750
34.6250
-237.8750
-92.6250
-39.6250
-181.3750
141.3750
70.6250
204.8750
-181.1250
-214.1250
-130.8750
101.1250
98.1250
210.8750
-26.3750
-60.3750
90.3750
78.8750
174.3750
-198.8750
53.8750
112.3750
18.8750
-140.8750
-131.1250
-15.3750
52.6250
-244.6250
179.6250
-201.3750
188.8750
100.3750
152.1250
-240.1250
76.6250
3.1250
-44.6250
-175.8750
-148.6250
36.3750
82.3750
-14.8750
-238.8750
-201.8750
-210.1250
-193.6250
-241.1250
-204.6250
200.1250
-188.8750
62.1250
-152.1250
55.6250
175.1250
43.1250
133.6250
101.6250
-176.6250
-28.1250
-47.1250
-135.1250
-27.1250
173.6250
-92.8750
216.6250
-205.8750
121.1250
10.1250
9.3750
-140.3750
-213.3750
-45.8750
-185.8750
2.6250
-79.6250
-96.3750
-86.6250
239.6250
235.8750
241.3750
-61.8750
-223.1250
-144.8750
198.3750
48.1250
147.6250
195.6250
7.3750
-159.8750
43.6250
-7.8750
142.3750
119.8750
44.3750
-198.3750
-136.1250
-8.6250
-36.6250
-18.1250
-222.1250
142.1250
-237.6250
-93.8750
134.8750
60.8750
-210.3750
244.8750
-81.8750
63.8750
-51.3750
-28.3750
18.1250
115.8750
116.6250
12.8750
93.6250
241.6250
181.6250
-58.8750
224.3750
87.3750
34.8750
80.1250
-234.8750
197.1250
-42.6250
-129.1250
-158.8750
-197.1250
189.6250
39.3750
119.6250
65.6250
131.8750
135.8750
-4.8750
32.1250
-128.3750
-184.6250
-152.8750
-217.6250
108.1250
227.1250
-195.1250
195.3750
-165.6250
-231.8750
14.8750
4.1250
-20.8750
249.8750
127.6250
45.3750
-107.8750
236.6250
-106.8750
154.1250
221.1250
118.6250
84.3750
-215.6250
-244.3750
172.1250
160.3750
-58.6250
-216.3750
-10.3750
118.1250
-164.6250
37.8750
51.3750
62.6250
-82.1250
-111.1250
-71.8750
-191.3750
-91.1250
214.8750
-21.8750
-160.3750
-245.6250
-242.1250
61.3750
-165.1250
-115.1250
-69.3750
-148.8750
-72.3750
210.1250
193.6250
92.3750
-13.6250
90.8750
-227.8750
-58.1250
-60.6250
-106.6250
-84.1250
-85.3750
-136.3750
43.8750
-120.8750
215.6250
41.8750
19.1250
96.8750
-141.1250
-194.8750
-167.1250
211.8750
36.1250
-176.3750
-135.6250
194.1250
74.6250
163.3750
233.8750
-26.8750
56.3750
171.1250
243.6250
-225.8750
-19.1250
189.1250
-209.8750
232.1250
-62.3750
-228.3750
-94.8750
-208.3750
-155.6250
-109.3750
209.3750
-117.3750
-170.1250
194.3750
-19.6250
134.1250
-87.1250
208.8750
14.1250
223.6250
219.3750
52.3750
228.6250
237.1250
239.8750
-138.8750
5.1250
133.8750
-17.8750
-222.3750
-64.3750
-218.3750
207.3750
61.8750
0.1250
19.3750
136.1250
-232.6250
-177.6250
-78.8750
-93.1250
-146.8750
-23.1250
-99.6250
216.1250
112.6250
35.6250
-65.3750
-40.6250
219.8750
88.1250
43.3750
-149.1250
-168.1250
-118.1250
-236.1250
-155.1250
137.1250
-133.1250
141.1250
169.3750
63.3750
225.6250
-35.1250
-81.3750
26.8750
-130.6250
213.8750
-38.1250
-101.3750
247.1250
66.1250
119.3750
-207.6250
238.1250
218.8750
230.6250
128.1250
-45.6250
27.1250
229.6250
40.1250
128.3750
235.1250
-75.6250
58.1250
154.6250
194.6250
-12.1250
-61.6250
114.1250
183.6250
72.3750
223.1250
-208.1250
-146.6250
-105.3750
31.8750
124.1250
33.6250
217.1250
-244.1250
-243.3750
-110.6250
227.3750
-201.6250
-189.3750
22.3750
166.1250
-172.8750
-134.6250
95.3750
103.3750
109.6250
-181.6250
238.3750
-44.1250
2.3750
-160.6250
-74.6250
25.6250
-184.8750
148.6250
-152.3750
97.8750
-10.6250
-75.1250
143.3750
-233.6250
-147.6250
94.8750
40.6250
120.8750
-72.1250
162.6250
204.6250
-63.1250
-105.1250
-84.3750
231.1250
-204.1250
81.8750
-169.3750
146.6250
185.6250
138.1250
140.1250
-91.3750
149.6250
114.6250
37.6250
-5.3750
240.6250
127.3750
-230.1250
40.3750
85.3750
68.3750
97.3750
-32.6250
201.8750
-120.6250
133.3750
-226.8750
-84.8750
3.6250
-113.6250
241.8750
231.6250
-83.6250
160.8750
123.6250
-180.3750
199.8750
67.1250
121.8750
2.1250
-210.8750
176.1250
-34.6250
1.6250
151.1250
21.8750
212.1250
-27.6250
16.8750
91.6250
-120.3750
-245.3750
-108.8750
86.8750
146.8750
-150.3750
94.1250
230.3750
10.6250
157.8750
198.6250
186.1250
119.1250
-52.3750
-74.3750
-104.6250
145.3750
117.1250
-28.6250
35.8750
-222.6250
-132.8750
105.8750
-67.8750
-76.3750
26.1250
-220.6250
181.3750
-89.8750
153.3750
234.3750
-104.3750
-103.3750
172.6250
37.3750
-216.8750
-126.6250
230.1250
174.6250
-247.3750
-182.1250
-95.8750
149.8750
-246.1250
-16.8750
-199.1250
-7.1250
178.1250
-223.6250
-147.3750
219.1250
-219.6250
-216.1250
218.1250
-138.6250
-135.8750
26.3750
202.8750
-48.1250
-198.1250
136.8750
-102.6250
-6.1250
215.8750
125.1250
177.8750
111.6250
-240.6250
-175.1250
-33.1250
57.8750
247.6250
142.8750
-10.8750
139.8750
223.3750
-8.3750
-118.8750
87.8750
-109.6250
84.6250
-12.8750
-124.1250
82.6250
-214.6250
97.6250
-116.6250
-153.8750
204.3750
-114.1250
-7.3750
-234.3750
-243.8750
-156.6250
164.1250
178.3750
57.6250
13.3750
28.8750
-56.1250
249.6250
-142.3750
-77.6250
-249.8750
-22.8750
193.1250
-246.6250
82.1250
156.8750
-190.3750
213.3750
-186.1250
246.6250
-97.6250
158.8750
59.6250
-101.1250
173.3750
-11.6250
-65.6250
84.1250
-149.8750
180.3750
-102.8750
102.3750
162.8750
-116.3750
-77.1250
21.3750
68.8750
-117.8750
-71.1250
49.8750
-92.1250
64.8750
-164.8750
-154.8750
-29.3750
237.8750
11.1250
-225.3750
-39.8750
177.3750
-17.1250
126.8750
3.3750
-247.1250
-66.8750
150.1250
44.1250
239.1250
-235.6250
76.8750
-6.8750
-203.6250
-156.1250
55.8750
-95.6250
187.3750
-100.1250
-229.8750
234.1250
-147.8750
197.8750
184.6250
8.6250
-127.3750
-36.3750
-48.3750
-59.1250
-105.8750
47.8750
-97.3750
-19.3750
-191.1250
-216.6250
150.6250
25.8750
86.3750
35.3750
-84.6250
-20.6250
154.8750
130.6250
120.3750
-121.8750
-9.8750
-3.6250
144.3750
-213.6250
206.3750
-204.3750
-129.8750
219.6250
-174.3750
159.3750
-72.8750
157.6250
176.3750
225.8750
0.8750
203.3750
95.1250
151.6250
145.6250
139.1250
-15.6250
-93.3750
141.8750
167.8750
238.6250
-161.8750
48.8750
-220.3750
-132.3750
135.6250
224.1250
-157.6250
-6.6250
-21.3750
-76.8750
-57.8750
236.3750
-126.8750
211.3750
200.8750
122.3750
-52.6250
46.1250
-105.6250
155.8750
136.6250
-49.8750
122.6250
144.8750
-206.8750
109.1250
-185.1250
-132.1250
-140.1250
-41.6250
-168.6250
220.8750
-118.6250
-157.3750
221.6250
-13.8750
191.1250
-167.6250
-35.6250
-37.6250
-247.6250
-64.6250
-112.3750
78.3750
-13.1250
-16.1250
-211.6250
5.3750
20.1250
175.8750
-28.8750
77.8750
-171.3750
11.3750
95.6250
79.3750
98.3750
-125.3750
-70.6250
-205.1250
45.6250
-53.1250
127.1250
-156.8750
-108.1250
-85.8750
-4.1250
161.6250
77.6250
98.8750
213.6250
115.3750
-29.1250
129.3750
156.6250
102.8750
53.6250
124.6250
-9.6250
-107.3750
-81.6250
-169.6250
-249.6250
140.8750
-7.6250
-60.1250
20.8750
-61.3750
-248.8750
-221.8750
-37.3750
194.8750
